Register 1'. 669 ·

 

 

 

83

84 336 1 192 1 296

346 ¹! 193 ¹ 93

 

156 = 121 39911 153

 

 

 

35 151 11 122 313 1 159 393 .· 194 221
36 13611 123 217 11 16011 251 11 195 232
37 1121 124 259 1, 1 311 5 196 92
88 157 1 125 316 3* 161 · 356 ! 197 94
89 15911 126 314 1 162 315 1 198 280
90 1521 1272 -- 1 163 3511 199 396
91 95· 128 319 e} 164 350 ς 299 399
92 991 129 320 ³¹ 165 1 354 291 117
93 1151 139 317 1 166 355 ,1 292 188

 

1461 129 39711 157

 

 

 

 

 

94 116 1ῗ 131 318 1 167 353 1 293 134
95 143 ; 132 321 1 163 3521 294 κ153
96 133 3· 133 323 1 169 359 1 295 173
97 99 ς· 134 193 1 179 3691 296 179
93 111 1 135 1451 171 3621 297 172
99 199 1Ι . s 44 1 172 363 2 208 174
199 139 1 ¹35 1163 1 173 363 1· 299 177
191 , 325Ι 137 1351 174 35311 219 191
192 · 435 133 1 1191 175 3571 211 159
103. 1130 1 139 93 ῑ. 176 3651 212 173
1131 13 1 631 13
195 131 1 142 119 ‚÷ 178 249 ε, 215 139
196 149 , 143 329 . 179 3941 216 133
197 141. 144 1 1961 139 1 2971 217 131

 

193 1551, 145 302. 218 176
109 154 1 146 1131 132 1 39511 219 139
119 1 153 ,1 147 114 ,. 133 1 2341 229 179
111 . 132 148 , 73 184 . 248 221 . 192
112 1211 149 1 127 . 135 ² 268 1 222 1 169,
113 419 159 1 144 1 136 1 391 223 1 194

96 '³ 181 .

 

114 91 151 ² 160. 187

’238 224 185
1153 123 ‚3 153), 1 ΞΞἹ ιἶ 188³ -— 225 1 193
110 25 ’ 153 1 ο41 · 189 291, 226 195

 

117 194 . 154 . 343 199 .
113 · 161 . 15:⁷3 1 345 1 191111
119 122 1 156 1 3441 1

273 ,227 1 164
243, 223 223
245 1 229 229

¹ Enthfflt zwei verschiedono Stficko, ² Nioht abgodruckt: Gutachten
der Erfurter theol. Fakultfit v. 3 Sept. 1513 in dm· Rouchlinischen Sache.
(}ed1·uokt *in Tonzel, Suppl. 98-100. vgl. 1111301-11 Briefw, ΝΥ. 307.
A ³1Nicht abgedruekt: Reuohliu an Urban 232. Aug. 1513. Vgl. S. 35?

