 

 

 

 

A.¹B¹51A‡3¹2A{B.{*A„1B
392 ³ 417 [3 425 Ι 4361? 456 ἱ 137 ·' 491 Ι 500
393 393 (ᾗ 423 437 μ 459 ¹ 101 ε 492 j 502
394 399 25 427 433 460 1 437 ³ 493 , 501
395 400 -ε 423 447 431 464 · 494 ¹ 498
396 401 l! 429 444 1 432 435 ’ἱ 495 ι 503
397 402 · 430 · 441 s 463 466 1 496 504
393 403 ἱ( 431 4431( 464 4391. 497 ¹ 499
399 413 1 432 445 ι. 435 470 . 493 510
400 404 ‚¹ 433 443 1( 466 471 2 499 511
401 412 εἰ 434 450 ( 467 472 ( 500 433
402 410 1 435 449 , 433 473 Ι 501 433
403 414 1,( 433 452 , 439 475 μ 502 503
404 413 i 437 370 q. 470 479 g 503 512
405 413 :¹ 436 455 ‚. 471 473 504 513
403 Ι 424 1 439 1 4531( 472 431 ἱ 505 507
407 1 4311 440 454 (ε 473 474 · 503 514
403 ¹ 427 13 441 442 (ἰ 474 4731, 507 503
409 Ι 420 ἒξ 442 143 ;’ 475 43211 503 509
410 3421 443 451 Η 473 ff 4331( 509 505
411 415 , 444 440 :¹ 477 43011 510 515
412 ’ 421 ¹: 445 1 439 5· 476 477 ⁸· 511 516
413 1 405 ἶξ 443 4461! 479 465 ,Ι 512 517
414 429 μ 447 453 · 460 466 513 516
415 Ι 425 1! 446 142 ij 461 467 ἔξ 514 520
413 ¹ 42311 449 ÷ 459· 432 439 {3 515 521
417 1 422, 450 j 460 2· 463 490 516 523
413 ( 403 1 451 ! 462 (434)· 492 ξι 517 522
419 5 423 ,; 452 ! 461 ι 435 491· 513 519
420 4 430 ξ 453 Ι 4531 466 Ι 493 519 524
421 ’ 423, 454 433 437 , 493 .. 520 · 523
422 ; 432 ² 455 f 457 .= 466 ; 495ζ 1525
423 · 433 = 456 ι 102 439 · 494 ;, 52124(434

424 ; 434 457 , 147 490 : 4975 522 g 527

¹ Im Cod. fehlt die Ziffer 484, offenbar aus Ἶρι-3911011, dagegen 01'1111511
die vorangehondo Nr. dio zwei Stiicke 490. 492. ‘¹ Enthiilt zwei Stiicke.

